5 9 12 13 17 18 21 23 25 26 29 30 32 39 41 46 49 50 56 58  <- first instance best model
76.25676                                                   <- first instance aic

8 11 14 15 17 18 19 22 37 41 47 53 54 55 56 57
99.22637

6 7 8 9 14 15 19 22 23 34 36 41 49 52 54 55 57
78.92447

1 9 11 18 19 21 28 33 34 35 36 38 43 47 49 52 56 59
97.76859

1 4 10 11 18 20 23 25 28 32 41 43 47 48 54 58
75.76089

7 8 9 14 16 17 19 22 23 28 29 34 36 37 45 46 50 54 55 56
71.4233

1 2 4 5 9 11 12 14 15 16 17 19 20 21 28 30 31 39 41 43 48 50 51 54 55 58 59 60
86.29322

1 2 3 5 8 10 12 18 21 23 26 30 34 35 39 41 48 50 52 56 59
71.71795

5 8 9 13 15 17 18 20 23 26 27 29 35 36 38 42 44 45 46 49 50 52 54 60
76.20249

2 3 4 5 7 8 11 13 14 15 16 17 24 26 28 31 33 37 41 48 50 51 52 55 56 57 58 60    <- 10 th instance best model
92.86186                                                                         <- 10 th instance aic

=================================================================================================================
1 3 5 7 8 10 14 15 18 19 21 22 25 26 28 29 30 31 34 36 39 40 41 44 55 59 60
80.02707

2 4 6 8 9 11 14 19 20 28 30 32 35 37 38 39 41 46 49 50 54 58
70.09866

1 3 5 6 10 13 14 20 21 24 34 35 37 40 41 42 45 47 50 52 54 58 60
71.89389

4 5 6 10 12 15 17 21 23 28 30 31 32 34 38 44 45 47 49 51 52 53 55
67.61993

2 4 7 8 11 16 17 23 24 29 30 31 36 37 44 49 51 54 56
88.67295

3 4 8 10 14 19 20 21 23 27 40 45 47 48 51 56 57
81.62802

3 4 6 11 13 21 23 28 34 35 36 43 44 45 47 49 50 52 53
59.6374

2 3 10 12 15 17 19 23 24 25 26 28 31 32 34 35 37 38 42 47 50
68.52074

2 5 8 9 11 12 17 19 20 21 22 25 33 34 36 42 50 51
60.95804

2 6 8 9 11 12 15 16 18 21 25 27 30 32 34 38 39 43 44 45 47 49 51 54 55 58
93.15545